1 0.325000 0.384722 0.042188 0.066667
1 0.635156 0.838194 0.046875 0.079167
1 0.585156 0.833333 0.043750 0.075000
1 0.549219 0.663889 0.042188 0.066667
1 0.538672 0.823611 0.039844 0.075000
1 0.490625 0.823611 0.042188 0.066667
1 0.641406 0.680556 0.042188 0.066667
1 0.596875 0.670833 0.042188 0.066667
1 0.506250 0.658333 0.042188 0.066667
1 0.458594 0.648611 0.042188 0.066667
1 0.412500 0.631944 0.042188 0.066667
1 0.365625 0.625000 0.042188 0.066667
1 0.317578 0.615278 0.049219 0.080556
1 0.646094 0.436111 0.042188 0.066667
1 0.601562 0.427778 0.040625 0.075000
1 0.557031 0.418056 0.042188 0.066667
1 0.510938 0.401389 0.042188 0.066667
1 0.464062 0.400000 0.042188 0.066667
1 0.417969 0.388889 0.042188 0.066667
1 0.375000 0.386111 0.042188 0.066667
