1 0.330078 0.422917 0.039844 0.068056
1 0.635938 0.886111 0.043750 0.080556
1 0.589063 0.875000 0.042188 0.083333
1 0.541797 0.869444 0.041406 0.080556
1 0.491797 0.866667 0.042969 0.077778
1 0.644141 0.724306 0.038281 0.076389
1 0.597266 0.707639 0.039844 0.068056
1 0.552734 0.706250 0.039844 0.068056
1 0.507422 0.697917 0.039844 0.068056
1 0.458203 0.689583 0.039844 0.068056
1 0.413672 0.672917 0.039844 0.068056
1 0.369141 0.660417 0.039844 0.068056
1 0.319141 0.652083 0.039844 0.068056
1 0.649609 0.475694 0.039844 0.068056
1 0.605859 0.465972 0.039844 0.068056
1 0.562891 0.459028 0.039844 0.068056
1 0.516797 0.442361 0.039844 0.068056
1 0.467578 0.438194 0.039844 0.068056
1 0.422266 0.431250 0.039844 0.068056
1 0.380859 0.425694 0.039844 0.068056
