1 0.326172 0.376389 0.042969 0.072222
1 0.632422 0.834722 0.042969 0.072222
1 0.583203 0.826389 0.042969 0.072222
1 0.540234 0.816667 0.042969 0.072222
1 0.489453 0.818056 0.042969 0.072222
1 0.638672 0.676389 0.042969 0.072222
1 0.594922 0.663889 0.042969 0.072222
1 0.546484 0.654861 0.038281 0.076389
1 0.504297 0.650000 0.042969 0.072222
1 0.457422 0.637500 0.042969 0.072222
1 0.409766 0.625000 0.042969 0.072222
1 0.366797 0.609722 0.042969 0.072222
1 0.317578 0.605556 0.042969 0.072222
1 0.648047 0.427778 0.042969 0.072222
1 0.604297 0.420833 0.042969 0.072222
1 0.563672 0.409722 0.042969 0.072222
1 0.512891 0.400000 0.042969 0.072222
1 0.465234 0.391667 0.042969 0.072222
1 0.419141 0.383333 0.042969 0.072222
1 0.375391 0.376389 0.042969 0.072222
