1 0.332031 0.363889 0.039062 0.072222
1 0.634766 0.832639 0.044531 0.084722
1 0.587500 0.816667 0.039062 0.072222
1 0.542188 0.811111 0.039062 0.072222
1 0.492969 0.808333 0.039062 0.072222
1 0.645312 0.666667 0.039062 0.072222
1 0.599219 0.654167 0.039062 0.072222
1 0.551562 0.650000 0.039062 0.072222
1 0.509375 0.644444 0.039062 0.072222
1 0.460938 0.630556 0.039062 0.072222
1 0.414844 0.613889 0.039062 0.072222
1 0.371094 0.600000 0.039062 0.072222
1 0.320312 0.590278 0.039062 0.072222
1 0.653906 0.419444 0.040625 0.075000
1 0.609375 0.413194 0.040625 0.076389
1 0.565625 0.401389 0.039062 0.072222
1 0.517188 0.388889 0.039062 0.072222
1 0.468750 0.383333 0.039062 0.072222
1 0.423438 0.375000 0.039062 0.072222
1 0.382031 0.366667 0.039062 0.072222
