1 0.337891 0.388194 0.039844 0.068056
1 0.385937 0.388194 0.046875 0.079167
1 0.430078 0.392361 0.042969 0.076389
1 0.477734 0.404861 0.036719 0.068056
1 0.523828 0.404167 0.041406 0.072222
1 0.573828 0.421528 0.038281 0.068056
1 0.616016 0.432639 0.041406 0.068056
1 0.660547 0.441667 0.041406 0.075000
1 0.600000 0.841667 0.042188 0.069444
1 0.521094 0.659722 0.042188 0.069444
1 0.471094 0.650000 0.042188 0.069444
1 0.424219 0.636111 0.042188 0.069444
1 0.379688 0.622222 0.042188 0.069444
1 0.552344 0.830556 0.042188 0.069444
1 0.501563 0.827778 0.042188 0.069444
1 0.653906 0.690278 0.042188 0.069444
1 0.610156 0.676389 0.042188 0.069444
1 0.563281 0.666667 0.042188 0.069444
1 0.329688 0.613194 0.043750 0.070833
1 0.646875 0.852083 0.043750 0.070833
