1 0.325781 0.455556 0.035937 0.055556
1 0.596875 0.841667 0.037500 0.069444
1 0.557031 0.839583 0.042188 0.073611
1 0.516016 0.832639 0.038281 0.073611
1 0.561719 0.694444 0.035937 0.055556
1 0.471484 0.829861 0.036719 0.065278
1 0.603906 0.704167 0.035937 0.055556
1 0.521875 0.693056 0.035937 0.055556
1 0.481641 0.687500 0.035156 0.066667
1 0.443750 0.684722 0.035937 0.055556
1 0.405469 0.666667 0.035937 0.055556
1 0.365625 0.661111 0.035937 0.055556
1 0.320312 0.648611 0.035937 0.055556
1 0.605469 0.487500 0.035937 0.055556
1 0.569531 0.481944 0.035937 0.055556
1 0.529687 0.476389 0.035937 0.055556
1 0.490625 0.466667 0.035937 0.055556
1 0.447656 0.465278 0.035937 0.055556
1 0.406250 0.458333 0.034375 0.055556
1 0.369531 0.452778 0.035937 0.055556
