1 0.335547 0.468056 0.036719 0.047222
1 0.380469 0.465972 0.026562 0.056944
1 0.417187 0.464583 0.034375 0.056944
1 0.458203 0.472222 0.039844 0.052778
1 0.496875 0.476389 0.032813 0.055556
1 0.541016 0.478472 0.033594 0.068056
1 0.577344 0.488889 0.032813 0.072222
1 0.612891 0.490278 0.041406 0.050000
1 0.337891 0.663194 0.035156 0.065278
1 0.377734 0.667361 0.039844 0.068056
1 0.416406 0.675000 0.034375 0.061111
1 0.456250 0.686806 0.040625 0.062500
1 0.494531 0.690278 0.035937 0.069444
1 0.535547 0.695139 0.041406 0.068056
1 0.574609 0.700000 0.035156 0.061111
1 0.614062 0.702778 0.034375 0.077778
1 0.487109 0.829167 0.041406 0.086111
1 0.530078 0.831944 0.036719 0.077778
1 0.570312 0.840972 0.029687 0.065278
1 0.609375 0.840278 0.039062 0.072222
