1 0.337500 0.465278 0.034375 0.061111
1 0.380469 0.461111 0.037500 0.066667
1 0.419922 0.463194 0.036719 0.065278
1 0.455859 0.465972 0.033594 0.059722
1 0.496094 0.472222 0.034375 0.061111
1 0.542969 0.476389 0.031250 0.055556
1 0.578125 0.479167 0.037500 0.066667
1 0.616406 0.481944 0.035937 0.063889
1 0.335156 0.666667 0.035937 0.063889
1 0.380078 0.667361 0.032031 0.056944
1 0.415234 0.676389 0.035156 0.055556
1 0.455859 0.681250 0.039844 0.065278
1 0.500000 0.692361 0.039062 0.051389
1 0.533203 0.693056 0.033594 0.069444
1 0.576172 0.698611 0.039844 0.063889
1 0.612500 0.701389 0.037500 0.063889
1 0.488281 0.827083 0.026562 0.059722
1 0.527734 0.830556 0.036719 0.063889
1 0.564844 0.831944 0.039062 0.055556
1 0.609375 0.837500 0.043750 0.061111
