1 0.324609 0.384722 0.044531 0.072222
1 0.634766 0.842361 0.049219 0.087500
1 0.583984 0.833333 0.044531 0.072222
1 0.538672 0.827778 0.044531 0.072222
1 0.489453 0.826389 0.044531 0.072222
1 0.641016 0.676389 0.044531 0.072222
1 0.594141 0.670833 0.044531 0.072222
1 0.547266 0.669444 0.044531 0.072222
1 0.504297 0.658333 0.044531 0.072222
1 0.455859 0.648611 0.044531 0.072222
1 0.412109 0.637500 0.044531 0.072222
1 0.366016 0.618056 0.044531 0.072222
1 0.318359 0.615278 0.044531 0.072222
1 0.644141 0.434722 0.044531 0.072222
1 0.599609 0.423611 0.044531 0.072222
1 0.555859 0.418056 0.044531 0.072222
1 0.512109 0.404167 0.044531 0.072222
1 0.463672 0.400000 0.044531 0.072222
1 0.415234 0.388889 0.044531 0.072222
1 0.369922 0.386111 0.044531 0.072222
