1 0.325391 0.461806 0.036719 0.062500
1 0.605859 0.870139 0.036719 0.062500
1 0.562109 0.867361 0.036719 0.073611
1 0.521094 0.858333 0.035937 0.066667
1 0.475391 0.856250 0.036719 0.062500
1 0.609766 0.729861 0.036719 0.062500
1 0.573828 0.718750 0.036719 0.062500
1 0.528516 0.710417 0.036719 0.062500
1 0.487891 0.709028 0.036719 0.062500
1 0.446484 0.697917 0.036719 0.062500
1 0.403516 0.690972 0.036719 0.062500
1 0.366797 0.679861 0.036719 0.062500
1 0.319141 0.672917 0.036719 0.062500
1 0.616797 0.506250 0.036719 0.062500
1 0.573828 0.500694 0.036719 0.062500
1 0.537500 0.490972 0.032813 0.062500
1 0.494141 0.477083 0.036719 0.062500
1 0.451172 0.475694 0.036719 0.062500
1 0.410547 0.469444 0.039844 0.063889
1 0.371484 0.464583 0.036719 0.062500
